 193 206 208 212 210 210 209 210 209 209 210 212 211 211 208 204
 204 210 211 214 212 201 168 151 167 176 195 214 214 213 212 207
 200 211 212 214 165 150 185 192 198 187 159 155 214 215 213 210
 196 211 210 179 158 208 211 210 196 216 217 178 158 215 215 211
 193 210 198 138 208 211 212 194 116 214 220 218 165 174 211 209
 188 211 156 181 212 213 213 152 117 190 218 217 212 139 209 209
 182 212 141 209 214 209 175 137 173 145 192 210 213 154 197 210
 197 213 142 212 196 126 137 197 207 180 122 136 207 169 179 209
 202 213 148 206 214 208 168 144 180 140 173 207 210 149 179 206
 199 213 175 177 218 216 214 163 122 195 215 216 212 143 203 206
 194 214 207 142 217 215 215 198 112 212 217 216 185 157 208 207
 188 214 217 175 171 213 212 212 176 214 217 211 144 199 209 207
 185 215 219 217 167 161 198 211 211 214 192 147 188 211 211 208
 178 214 219 218 216 193 147 158 162 150 162 209 212 213 211 207
 193 211 214 216 215 214 213 202 199 208 212 211 212 210 208 205
 170 183 185 188 206 200 196 191 187 200 207 203 199 193 194 200
 176 191 190 194 192 191 191 191 189 192 193 192 189 190 189 187
 187 194 193 195 195 180 137 118 133 145 168 192 193 193 190 188
 184 195 195 195 149 126 161 173 178 166 139 132 189 193 190 190
 179 195 194 155 138 192 194 195 177 194 195 158 131 190 192 190
 175 194 180 112 193 195 196 182  97 191 195 195 145 151 188 189
 169 194 136 160 195 196 196 138 104 170 195 195 194 119 186 190
 165 196 120 190 196 190 153 117 162 126 171 193 194 136 174 190
 182 197 123 193 180  99 113 180 192 167 108 110 187 147 157 189
 186 197 129 187 197 191 148 121 165 117 156 188 192 124 158 186
 184 196 154 156 196 197 197 149 100 173 194 196 194 117 185 188
 178 197 190 118 193 197 198 183  91 191 195 195 170 137 189 188
 172 195 196 153 147 196 197 197 158 195 196 190 121 180 190 188
 170 195 196 195 147 138 177 196 196 196 170 118 163 190 192 189
 165 195 196 196 195 173 122 130 131 119 132 186 192 193 192 189
 181 196 196 195 195 195 195 185 180 190 194 193 194 193 191 190
 162 170 170 168 186 184 182 177 172 183 187 184 181 178 179 186
 166 179 182 186 182 179 182 182 179 178 182 181 180 179 179 174
 176 183 186 187 183 170 139 121 133 144 165 182 183 182 182 177
 173 184 188 187 145 118 156 166 169 158 136 133 181 181 181 179
 169 184 188 156 131 181 185 187 171 183 185 151 131 180 182 178
 165 183 180 115 181 186 187 177 103 179 185 185 139 148 179 177
 160 184 140 155 186 188 186 140 106 159 182 185 181 117 178 177
 155 185 122 181 188 186 151 112 146 124 162 183 181 134 168 177
 171 186 122 186 172 106 114 165 177 158 102 108 174 148 149 175
 174 186 127 179 188 181 141 121 157 113 147 178 181 128 149 175
 172 185 151 154 186 187 187 142 108 163 185 188 185 119 173 176
 167 186 180 121 183 187 189 174  95 181 188 188 165 131 179 179
 161 185 189 151 142 187 189 187 149 185 188 187 123 168 182 178
 159 185 189 188 138 136 174 187 185 186 168 124 155 179 184 179
 153 185 189 189 186 165 120 130 134 123 131 177 182 185 184 178
 165 185 188 189 188 187 186 174 170 179 185 184 186 185 182 177
 150 162 164 165 183 179 176 171 164 175 181 175 174 172 171 172

 204 207 210 211 209 209 210 209 206 206 207 207 208 207 205 200
 208 212 213 215 211 209 197 179 179 203 208 209 211 211 208 194
 211 213 215 215 174 139 154 169 149 143 157 199 211 213 210 193
 211 214 214 158 165 212 213 207 210 212 185 144 188 212 212 199
 212 214 155 178 218 217 210 136 207 216 216 211 147 209 211 203
 210 195 159 217 220 218 192 122 173 215 217 217 192 162 212 207
 209 176 187 216 214 190 145 180 140 195 212 214 214 150 208 200
 209 167 198 196 116 117 173 207 180 122 112 176 211 162 199 187
 210 151 192 210 194 152 137 197 144 163 198 212 211 158 202 191
 209 168 185 211 212 213 175 137 168 214 215 212 198 147 213 196
 210 201 150 208 211 213 209 126 208 216 215 213 161 193 214 200
 210 212 165 158 208 212 214 196 214 218 217 171 167 216 215 206
 212 214 214 179 138 181 209 212 206 177 142 175 217 218 216 188
 208 211 212 210 198 156 141 142 148 175 207 217 219 219 214 185
 206 210 211 211 210 211 212 213 213 213 214 214 215 214 211 183
 193 204 200 196 193 188 182 197 202 199 194 188 185 178 193 170
 187 188 190 190 189 190 190 189 186 188 188 188 189 189 190 186
 189 190 190 192 188 186 174 157 158 185 189 190 192 192 191 179
 190 193 193 190 151 119 136 147 124 117 137 180 190 193 193 178
 189 193 189 131 145 194 194 187 192 194 170 121 163 192 194 181
 192 192 132 158 195 195 193 110 188 196 195 190 118 186 193 184
 193 168 139 195 195 195 171 108 156 194 195 196 170 132 194 187
 192 145 166 194 191 170 126 167 117 173 191 195 196 119 190 183
 189 133 178 177  97 104 162 192 165 100  91 158 196 131 180 172
 191 118 173 195 182 138 117 180 121 149 183 197 196 130 185 177
 191 137 161 194 196 196 153 113 148 197 198 197 177 122 195 182
 191 180 126 192 195 196 190  99 191 197 197 196 138 173 195 184
 192 195 149 138 193 195 196 180 197 196 193 147 147 195 195 186
 194 195 195 155 112 160 190 193 187 156 118 153 195 196 195 168
 190 193 195 194 180 136 120 123 129 154 190 196 196 196 196 170
 191 194 195 195 194 194 196 197 197 196 197 195 195 195 196 170
 176 187 184 179 175 169 165 182 186 184 178 172 170 165 181 162
 174 177 179 178 177 177 177 175 175 176 179 178 179 178 177 172
 179 182 181 182 179 178 168 149 149 173 179 182 184 184 182 171
 179 182 181 180 148 117 134 148 128 119 131 168 179 185 185 172
 180 183 181 131 139 181 181 174 181 185 165 123 155 182 186 174
 181 182 133 151 185 185 183 108 178 188 188 187 124 177 184 175
 182 165 136 185 185 182 162 102 147 185 188 188 168 131 185 181
 178 144 158 183 179 159 124 158 113 163 181 185 186 123 179 175
 179 133 169 171 103 106 146 177 157 108  95 149 185 134 170 164
 182 121 166 187 177 140 112 165 121 142 174 187 187 130 174 171
 182 139 156 185 187 186 151 114 141 187 189 189 174 120 186 176
 179 170 118 181 186 188 186 106 181 187 187 187 136 165 187 179
 182 183 145 131 181 186 188 172 188 186 183 142 138 186 188 183
 186 187 187 156 115 155 181 186 179 154 121 151 188 189 189 165
 182 186 188 188 180 140 122 122 127 151 180 189 189 189 188 164
 179 183 184 184 183 184 185 186 186 185 186 185 185 185 185 162
 166 176 173 169 165 160 155 171 174 172 167 161 159 153 165 150

 200 194 193 199 203 207 200 187 191 196 200 206 188 185 183 170
 205 208 210 212 211 212 208 199 202 213 214 215 216 214 211 193
 207 211 213 212 209 162 150 162 158 147 193 216 218 219 214 178
 208 211 211 188 147 192 214 211 211 198 161 167 217 219 215 185
 207 209 199 144 211 217 214 176 212 212 213 171 175 217 214 188
 207 208 157 185 216 217 212 112 198 215 215 217 142 207 214 194
 206 203 143 212 216 215 195 122 163 214 216 218 177 175 213 199
 206 179 149 210 207 173 140 180 144 168 208 214 206 148 213 202
 209 179 169 207 136 122 180 207 197 137 126 196 212 142 213 197
 210 197 154 213 210 192 145 173 137 175 209 214 209 141 212 182
 209 209 139 212 217 218 190 117 152 213 213 212 181 156 211 188
 209 211 174 165 218 220 214 116 194 212 211 208 138 198 210 193
 211 215 215 158 178 217 216 196 210 211 208 158 179 210 211 196
 210 213 215 214 155 159 187 198 192 185 150 165 214 212 211 200
 207 212 213 214 214 195 176 167 151 168 201 212 214 211 210 204
 204 208 211 211 212 210 209 209 210 209 210 210 212 208 206 193
 186 179 178 181 184 187 183 172 177 182 184 186 168 170 170 162
 190 191 193 194 193 194 190 180 185 195 195 195 195 196 196 181
 189 192 193 192 186 132 119 131 130 122 173 195 196 196 195 165
 189 192 190 163 118 170 196 196 196 177 138 147 195 196 195 170
 188 190 180 121 190 196 195 158 197 197 196 147 153 196 195 172
 188 189 137 170 195 195 191  91 183 198 197 193 118 190 197 178
 188 185 117 194 196 194 173 100 149 197 197 196 156 154 196 184
 186 158 124 192 188 156 117 165 121 148 191 197 187 129 197 186
 189 157 147 187 110 108 167 192 180 113  99 180 193 123 197 182
 190 174 136 194 193 171 126 162 117 153 190 196 190 120 196 165
 190 186 119 194 195 195 170 104 138 196 196 195 160 136 194 169
 189 188 151 145 195 195 191  97 182 196 195 193 112 180 194 175
 190 192 190 131 158 195 194 177 195 194 192 138 155 194 195 179
 190 190 193 189 132 139 166 178 173 161 126 149 195 195 195 184
 188 190 193 193 192 168 145 133 118 137 180 195 195 193 194 187
 187 189 190 189 192 193 192 189 191 191 191 192 194 190 191 176
 172 171 172 174 175 181 175 164 171 176 179 183 165 164 162 150
 177 182 185 186 184 185 179 170 174 186 187 188 189 188 185 165
 178 184 185 182 177 131 123 134 130 120 165 186 189 189 185 153
 179 184 179 155 124 168 186 185 187 174 136 138 188 189 185 159
 178 182 168 123 187 188 185 149 187 189 187 142 151 189 185 161
 179 179 131 165 188 188 181  95 174 189 187 183 121 180 186 167
 176 173 119 185 188 185 163 108 142 187 187 186 154 151 185 172
 175 149 128 181 178 147 113 157 121 141 181 188 179 127 186 174
 175 149 148 174 108 102 158 177 165 114 106 172 186 122 186 171
 177 168 134 181 183 162 124 146 112 151 186 188 181 122 185 155
 177 178 117 181 185 182 159 106 140 186 188 186 155 140 184 160
 177 179 148 139 185 185 179 103 177 187 186 181 115 180 183 165
 178 182 180 131 151 185 183 171 187 185 181 131 156 188 184 169
 179 181 181 181 133 136 158 169 166 156 118 145 187 188 184 173
 177 182 182 183 182 165 144 133 121 139 170 183 187 186 183 176
 174 179 179 180 181 182 178 179 182 182 179 182 186 182 179 166

 170 193 178 185 188 194 199 202 197 182 188 193 196 200 204 193
 183 211 214 215 214 214 213 213 213 212 211 210 211 211 210 206
 185 214 219 219 217 207 175 148 142 141 156 198 210 212 211 208
 188 216 218 217 175 142 177 206 212 209 181 138 179 214 214 212
 206 215 216 167 171 217 218 214 196 214 212 208 158 165 212 210
 200 214 193 161 213 215 216 208 126 209 213 211 208 150 201 210
 196 213 147 198 212 215 214 168 137 175 213 212 211 185 168 209
 191 202 158 211 212 198 163 144 197 137 152 194 210 192 151 210
 187 199 162 211 176 112 122 180 207 173 117 116 196 198 167 209
 200 208 150 214 214 212 195 140 180 145 190 214 216 187 176 209
 207 212 162 192 217 217 215 173 122 192 218 220 217 159 195 210
 203 211 209 147 211 216 216 207 136 210 217 218 178 155 214 212
 199 212 212 188 144 185 212 210 207 213 212 165 158 214 214 211
 193 210 213 211 199 157 143 149 169 154 139 174 215 215 213 211
 194 208 211 211 209 208 203 179 179 197 209 211 215 213 212 208
 200 205 207 208 207 207 206 206 209 210 209 209 211 210 207 204
 162 181 165 170 172 178 184 186 182 165 169 175 179 184 187 176
 170 196 195 195 195 197 196 197 197 196 194 194 195 195 194 191
 170 196 196 196 196 190 154 129 123 120 136 180 194 195 193 190
 168 195 196 195 153 118 156 187 193 190 160 112 155 195 195 194
 186 195 195 147 147 193 196 197 180 196 195 193 138 149 195 192
 184 195 173 138 196 197 197 191  99 190 196 195 192 126 180 191
 182 195 122 177 197 198 197 148 113 153 196 196 194 161 137 191
 177 185 130 196 197 183 149 121 180 117 138 182 195 173 118 191
 172 180 131 196 158  91 100 165 192 162 104  97 177 178 133 189
 183 190 119 196 195 191 173 117 167 126 170 191 194 166 145 192
 187 194 132 170 196 195 194 156 108 171 195 195 195 139 168 193
 184 193 186 118 190 195 196 188 110 193 195 195 158 132 192 192
 181 194 192 163 121 170 194 192 187 194 194 145 131 189 193 189
 178 193 193 190 180 137 117 124 147 136 119 151 190 193 193 190
 179 191 192 192 190 189 185 158 157 174 186 188 192 190 190 189
 186 190 189 189 188 188 188 186 189 190 190 189 190 190 188 187
 150 165 153 159 161 167 172 174 171 155 160 165 169 173 176 166
 162 185 185 185 185 186 185 186 186 185 184 183 184 184 183 179
 164 188 189 189 189 180 151 127 122 122 140 180 188 188 186 182
 165 189 189 188 151 121 154 179 186 181 155 115 156 187 187 186
 183 188 186 138 142 183 186 188 172 188 186 181 131 145 183 182
 179 187 165 136 187 187 187 181 106 186 188 186 181 118 170 179
 176 186 120 174 189 189 187 141 114 151 186 187 185 156 139 182
 171 174 130 187 187 174 142 121 165 112 140 177 187 166 121 182
 164 170 134 185 149  95 108 157 177 146 106 103 171 169 133 179
 175 179 123 186 185 181 163 113 158 124 159 179 183 158 144 178
 181 185 131 168 188 188 185 147 102 162 182 185 185 136 165 182
 175 184 177 124 187 188 188 178 108 183 185 185 151 133 182 181
 174 186 182 155 123 165 185 181 174 181 181 139 131 181 183 180
 172 185 185 179 168 131 119 128 148 134 117 148 180 181 182 179
 171 182 184 184 182 179 173 149 149 168 178 179 182 181 182 179
 172 177 178 179 178 179 176 175 175 177 177 177 178 179 177 174

