 167 184 191 188 189 190 195 199 200 195 190 184 173 154 170 173
 181 198 198 204 203 204 205 205 205 205 190 103 123  59 139 183
 182 202 200 208 205 206 208 208 207 206 186 102  98 143 111 182
 175 201 208 208 206 208 209 209 207 206 194  84  76 147 126 176
 174 202 208 207 208 208 209 208 206 201 189 194 192 181 161 178
 170 210 206 208 210 211 211 206 205 163  90 188 188 115 117 182
 171 211 208 208 208 207 208 207 206 194  96  98 115  76 190 188
 166 209 206 206 207 204 204 206 206 191 146  87  63 139 178 186
 165 209 205 205 207 206 205 207 206 155  54  54  54  58 108 187
 178 206 206 205 205 206 208 207 204 200 181 182 176 179 184 190
 186 203 205 206 203 205 207 205 204 206 150  92  88 115 197 191
 185 203 207 205 206 205 207 205 206 178  70 133 125  77 124 191
 182 203 207 205 206 204 206 204 206 153 119 202 194 150  97 189
 179 204 206 204 206 204 203 201 201 168  77 151 152  98 126 188
 176 203 200 201 203 197 195 196 197 189 110  54  50  65 186 182
 154 189 181 184 185 177 179 187 185 179 173 139 133 170 185 174
 135 160 166 164 165 164 170 169 167 167 164 164 165 155 154 154
 149 174 172 174 178 176 177 173 173 178 163  75 102  34 107 160
 152 176 172 177 178 175 178 177 177 179 158  70  71 116  74 160
 147 177 176 178 178 176 178 179 181 178 166  49  45 122  83 150
 147 178 175 177 179 177 178 179 179 171 163 160 157 157 120 150
 144 180 176 180 180 178 178 178 177 134  67 155 159  93  78 152
 148 181 180 181 178 179 177 179 175 163  75  61  82  54 151 160
 144 181 179 179 177 177 174 177 176 159 120  52  27 111 145 161
 141 179 178 178 177 178 175 178 179 123  27  23  19  28  77 161
 155 176 176 177 176 179 176 178 179 166 150 149 148 150 151 164
 162 174 175 177 174 177 176 179 180 172 120  52  55  84 161 165
 157 176 175 176 175 176 177 180 181 146  44  98  98  48  86 160
 153 176 176 175 173 175 177 178 180 125  94 165 168 117  55 160
 148 175 175 174 171 175 176 174 175 142  52 116 127  67  87 163
 143 175 173 172 167 169 171 168 170 161  86  21  28  41 157 159
 125 161 158 156 148 152 159 160 158 153 156 139 130 160 165 152
 116 145 143 138 140 143 139 149 148 144 145 151 155 138 140 129
 124 153 146 147 151 155 146 153 153 151 142  61  95  15  87 129
 119 152 146 148 152 155 149 153 153 152 135  53  60  91  45 127
 112 150 152 147 154 156 152 155 155 152 143  34  34  96  54 121
 110 151 156 148 155 157 155 153 154 143 139 141 147 130  89 124
 106 154 156 148 157 159 159 151 152 103  40 135 149  66  50 132
 107 155 158 154 156 158 159 152 154 133  49  45  75  33 122 138
 101 152 157 154 155 155 156 153 153 132  98  40  20  90 118 140
 100 152 156 153 155 154 156 154 154  99  11  14  11  13  51 140
 118 150 154 151 155 154 156 155 154 146 133 121 113 123 124 138
 130 147 152 150 154 152 154 152 151 156 102  34  34  68 135 136
 132 148 152 149 156 152 154 152 150 128  22  75  79  33  61 133
 132 149 150 149 154 151 154 152 149 108  73 143 147 104  43 130
 131 149 149 150 153 152 156 147 145 125  27  96 107  55  73 127
 130 147 148 150 152 149 155 145 143 145  62   6   7  28 140 135
 115 136 138 139 135 140 151 140 140 141 136 123  95 151 150 138

 173 183 182 176 178 182 188 186 187 190 191 191 189 188 182 174
 170 139 111 126 161 117 190 178 108 184 197 124  97 126 186 185
 154  59 143 147 181 115  76 139  58 179 115  77 150  98  65 170
 173 123  98  76 192 188 115  63  54 176  88 125 194 152  50 133
 184 103 102  84 194 188  98  87  54 182  92 133 202 151  54 139
 190 190 186 194 189  90  96 146  54 181 150  70 119  77 110 173
 195 205 206 206 201 163 194 191 155 200 206 178 153 168 189 179
 200 205 207 207 206 205 206 206 206 204 204 206 206 201 197 185
 199 205 208 209 208 206 207 206 207 207 205 205 204 201 196 187
 195 205 208 209 209 211 208 204 205 208 207 207 206 203 195 179
 190 204 206 208 208 211 207 204 206 206 205 205 204 204 197 177
 189 203 205 206 208 210 208 207 207 205 203 206 206 206 203 185
 188 204 208 208 207 208 208 206 205 205 206 205 205 204 201 184
 191 198 200 208 208 206 208 206 205 206 205 207 207 206 200 181
 184 198 202 201 202 210 211 209 209 206 203 203 203 204 203 189
 167 181 182 175 174 170 171 166 165 178 186 185 182 179 176 154
 154 160 160 150 150 152 160 161 161 164 165 160 160 163 159 152
 154 107  74  83 120  78 151 145  77 151 161  86  55  87 157 165
 155  34 116 122 157  93  54 111  28 150  84  48 117  67  41 160
 165 102  71  45 157 159  82  27  19 148  55  98 168 127  28 130
 164  75  70  49 160 155  61  52  23 149  52  98 165 116  21 139
 164 163 158 166 163  67  75 120  27 150 120  44  94  52  86 156
 167 178 179 178 171 134 163 159 123 166 172 146 125 142 161 153
 167 173 177 181 179 177 175 176 179 179 180 181 180 175 170 158
 169 173 177 179 179 178 179 177 178 178 179 180 178 174 168 160
 170 177 178 178 178 178 177 174 175 176 176 177 177 176 171 159
 164 176 175 176 177 178 179 177 178 179 177 176 175 175 169 152
 165 178 178 178 179 180 178 177 177 176 174 175 173 171 167 148
 164 174 177 178 177 180 181 179 178 177 177 176 175 174 172 156
 166 172 172 176 175 176 180 179 178 176 175 175 176 175 173 158
 160 174 176 177 178 180 181 181 179 176 174 176 176 175 175 161
 135 149 152 147 147 144 148 144 141 155 162 157 153 148 143 125
 129 129 127 121 124 132 138 140 140 138 136 133 130 127 135 138
 140  87  45  54  89  50 122 118  51 124 135  61  43  73 140 150
 138  15  91  96 130  66  33  90  13 123  68  33 104  55  28 151
 155  95  60  34 147 149  75  20  11 113  34  79 147 107   7  95
 151  61  53  34 141 135  45  40  14 121  34  75 143  96   6 123
 145 142 135 143 139  40  49  98  11 133 102  22  73  27  62 136
 144 151 152 152 143 103 133 132  99 146 156 128 108 125 145 141
 148 153 153 155 154 152 154 153 154 154 151 150 149 145 143 140
 149 153 153 155 153 151 152 153 154 155 152 152 152 147 145 140
 139 146 149 152 155 159 159 156 156 156 154 154 154 156 155 151
 143 155 155 156 157 159 158 155 154 154 152 152 151 152 149 140
 140 151 152 154 155 157 156 155 155 155 154 156 154 153 152 135
 138 147 148 147 148 148 154 154 153 151 150 149 149 150 150 139
 143 146 146 152 156 156 158 157 156 154 152 152 150 149 148 138
 145 153 152 150 151 154 155 152 152 150 147 148 149 149 147 136
 116 124 119 112 110 106 107 101 100 118 130 132 132 131 130 115

 174 185 170 133 139 173 179 185 187 179 177 185 184 181 189 154
 182 186  65  50  54 110 189 197 196 195 197 203 201 200 203 176
 188 126  98 152 151  77 168 201 201 203 204 206 204 206 204 179
 189  97 150 194 202 119 153 206 204 206 204 206 205 207 203 182
 191 124  77 125 133  70 178 206 205 207 205 206 205 207 203 185
 191 197 115  88  92 150 206 204 205 207 205 203 206 205 203 186
 190 184 179 176 182 181 200 204 207 208 206 205 205 206 206 178
 187 108  58  54  54  54 155 206 207 205 206 207 205 205 209 165
 186 178 139  63  87 146 191 206 206 204 204 207 206 206 209 166
 188 190  76 115  98  96 194 206 207 208 207 208 208 208 211 171
 182 117 115 188 188  90 163 205 206 211 211 210 208 206 210 170
 178 161 181 192 194 189 201 206 208 209 208 208 207 208 202 174
 176 126 147  76  84 194 206 207 209 209 208 206 208 208 201 175
 182 111 143  98 102 186 206 207 208 208 206 205 208 200 202 182
 183 139  59 123 103 190 205 205 205 205 204 203 204 198 198 181
 173 170 154 173 184 190 195 200 199 195 190 189 188 191 184 167
 152 165 160 130 139 156 153 158 160 159 152 148 156 158 161 125
 159 157  41  28  21  86 161 170 168 171 169 167 172 173 175 143
 163  87  67 127 116  52 142 175 174 176 175 171 174 175 175 148
 160  55 117 168 165  94 125 180 178 177 175 173 175 176 176 153
 160  86  48  98  98  44 146 181 180 177 176 175 176 175 176 157
 165 161  84  55  52 120 172 180 179 176 177 174 177 175 174 162
 164 151 150 148 149 150 166 179 178 176 179 176 177 176 176 155
 161  77  28  19  23  27 123 179 178 175 178 177 178 178 179 141
 161 145 111  27  52 120 159 176 177 174 177 177 179 179 181 144
 160 151  54  82  61  75 163 175 179 177 179 178 181 180 181 148
 152  78  93 159 155  67 134 177 178 178 178 180 180 176 180 144
 150 120 157 157 160 163 171 179 179 178 177 179 177 175 178 147
 150  83 122  45  49 166 178 181 179 178 176 178 178 176 177 147
 160  74 116  71  70 158 179 177 177 178 175 178 177 172 176 152
 160 107  34 102  75 163 178 173 173 177 176 178 174 172 174 149
 154 154 155 165 164 164 167 167 169 170 164 165 164 166 160 135
 138 150 151  95 123 136 141 140 140 151 140 135 139 138 136 115
 135 140  28   7   6  62 145 143 145 155 149 152 150 148 147 130
 127  73  55 107  96  27 125 145 147 156 152 153 150 149 149 131
 130  43 104 147 143  73 108 149 152 154 151 154 149 150 149 132
 133  61  33  79  75  22 128 150 152 154 152 156 149 152 148 132
 136 135  68  34  34 102 156 151 152 154 152 154 150 152 147 130
 138 124 123 113 121 133 146 154 155 156 154 155 151 154 150 118
 140  51  13  11  14  11  99 154 154 156 154 155 153 156 152 100
 140 118  90  20  40  98 132 153 153 156 155 155 154 157 152 101
 138 122  33  75  45  49 133 154 152 159 158 156 154 158 155 107
 132  50  66 149 135  40 103 152 151 159 159 157 148 156 154 106
 124  89 130 147 141 139 143 154 153 155 157 155 148 156 151 110
 121  54  96  34  34 143 152 155 155 152 156 154 147 152 150 112
 127  45  91  60  53 135 152 153 153 149 155 152 148 146 152 119
 129  87  15  95  61 142 151 153 153 146 155 151 147 146 153 124
 129 140 138 155 151 145 144 148 149 139 143 140 138 143 145 116

 154 176 179 182 185 186 178 165 166 171 170 174 175 182 181 167
 189 203 204 203 203 203 206 209 209 211 210 202 201 202 198 184
 181 200 206 207 207 205 206 205 206 208 206 208 208 200 198 191
 184 201 204 205 205 206 205 205 206 208 208 207 208 208 204 188
 185 203 206 206 206 203 205 207 207 208 210 208 206 205 203 189
 177 197 204 204 205 205 206 206 204 207 211 208 208 206 204 190
 179 195 203 206 207 207 208 205 204 208 211 209 209 208 205 195
 187 196 201 204 205 205 207 207 206 207 206 208 209 208 205 199
 185 197 201 206 206 204 204 206 206 206 205 206 207 207 205 200
 179 189 168 153 178 206 200 155 191 194 163 201 206 206 205 195
 173 110  77 119  70 150 181  54 146  96  90 189 194 186 190 190
 139  54 151 202 133  92 182  54  87  98 188 194  84 102 103 184
 133  50 152 194 125  88 176  54  63 115 188 192  76  98 123 173
 170  65  98 150  77 115 179  58 139  76 115 181 147 143  59 154
 185 186 126  97 124 197 184 108 178 190 117 161 126 111 139 170
 174 182 188 189 191 191 190 187 186 188 182 178 176 182 183 173
 125 143 148 153 157 162 155 141 144 148 144 147 147 152 149 135
 161 175 175 176 176 174 176 179 181 181 180 178 177 176 174 160
 158 173 175 176 175 175 176 178 179 180 176 175 176 172 172 166
 156 172 174 175 176 177 177 178 179 181 180 177 178 177 174 164
 148 167 171 173 175 174 176 177 177 178 180 179 178 178 178 165
 152 169 175 175 176 177 179 178 177 179 178 177 176 175 176 164
 159 171 176 177 177 176 176 175 174 177 178 178 178 178 177 170
 160 168 174 178 180 179 178 178 177 179 178 179 179 177 173 169
 158 170 175 180 181 180 179 179 176 175 177 179 181 177 173 167
 153 161 142 125 146 172 166 123 159 163 134 171 178 179 178 167
 156  86  52  94  44 120 150  27 120  75  67 163 166 158 163 164
 139  21 116 165  98  52 149  23  52  61 155 160  49  70  75 164
 130  28 127 168  98  55 148  19  27  82 159 157  45  71 102 165
 160  41  67 117  48  84 150  28 111  54  93 157 122 116  34 155
 165 157  87  55  86 161 151  77 145 151  78 120  83  74 107 154
 152 159 163 160 160 165 164 161 161 160 152 150 150 160 160 154
 115 130 131 132 132 130 118 100 101 107 106 110 112 119 124 116
 136 147 149 149 148 147 150 152 152 155 154 151 150 152 153 145
 138 148 149 150 152 152 154 156 157 158 156 156 152 146 146 143
 139 150 150 149 149 150 151 153 154 154 148 148 147 148 147 138
 135 152 153 154 156 154 155 155 155 156 157 155 154 152 151 140
 140 149 152 151 152 152 154 154 155 158 159 157 156 155 155 143
 151 155 156 154 154 154 156 156 156 159 159 155 152 149 146 139
 140 145 147 152 152 152 155 154 153 152 151 153 155 153 153 149
 140 143 145 149 150 151 154 154 153 154 152 154 155 153 153 148
 141 145 125 108 128 156 146  99 132 133 103 143 152 152 151 144
 136  62  27  73  22 102 133  11  98  49  40 139 143 135 142 145
 123   6  96 143  75  34 121  14  40  45 135 141  34  53  61 151
  95   7 107 147  79  34 113  11  20  75 149 147  34  60  95 155
 151  28  55 104  33  68 123  13  90  33  66 130  96  91  15 138
 150 140  73  43  61 135 124  51 118 122  50  89  54  45  87 140
 138 135 127 130 133 136 138 140 140 138 132 124 121 127 129 129

