  95 125 125 134 137 140 149 155 150 148 150 144 141 141 137 130
 135 172 173 175 176 178 181 179 180 181 182 178 177 175 178 176
 134 169 174 175 175 178 180 179 179 178 179 178 177 177 176 174
 143 172 176 179 179 177 177 178 180 181 180 180 179 178 179 175
 144 171 175 176 181 178 179 179 179 181 182 181 179 179 178 175
 150 173 178 178 179 179 180 179 178 180 179 178 178 178 180 180
 159 171 176 175 178 178 177 177 177 177 178 176 175 177 180 179
 151 169 172 173 174 174 174 175 172 175 177 176 175 174 176 176
 132 165 169 173 177 176 177 174 173 173 173 172 173 173 175 169
 119 122 154 169 171 147 103 102 101 145 154 113 108 120 158 155
  83  11 119 167 170 124  26  63  66 124 140  29  63  49  42 147
  75  15 119 163 165 115  24 114 118 156 134  24 137 115  21 120
  76  21 127 167 167 115  27  57  60 148 127  22  60  40  47 149
  97  15 124 155 160 108  13 165 165 167 129  22  88 123 160 156
  98  23  35  32  66 115  20 170 166 167 126  26 128 167 167 154
 139 141 143 138 137 142 126 151 154 157 147 125 149 155 155 142
  87 111 109 123 127 130 139 144 139 137 136 131 129 129 126 121
 131 166 166 168 169 172 172 172 172 171 172 173 172 171 173 171
 135 168 171 169 169 171 173 173 174 174 175 175 174 174 173 172
 140 166 169 169 170 169 170 171 173 174 173 173 173 172 173 169
 141 168 170 169 172 170 172 172 172 174 172 172 172 173 172 170
 144 164 170 168 168 170 170 171 171 172 172 172 172 171 172 169
 153 165 168 167 169 170 169 169 170 170 172 171 170 170 169 168
 148 163 164 165 167 168 170 171 169 168 169 170 170 168 167 166
 130 160 162 164 167 166 168 168 168 167 167 167 168 167 167 161
 120 119 148 162 164 138  99 102 101 142 150 107 105 119 155 154
  93   9 115 162 161 115  21  60  63 120 129  18  51  38  34 144
  90  14 118 160 162 112  20 109 115 154 128  16 127 106  15 120
  96  17 123 159 160 107  15  44  49 140 122  17  55  36  41 146
 108  14 121 152 156 105  10 163 161 162 124  17  85 118 152 150
 124  17  25  18  53 103  13 162 160 160 119  20 122 161 162 147
 146 142 139 129 129 138 122 148 149 152 142 122 147 153 153 141
  87 109 103 116 120 124 131 133 127 127 126 121 116 115 110 108
 130 163 162 164 164 165 164 166 168 170 169 168 168 165 167 166
 132 162 166 166 165 169 171 169 169 168 167 167 167 167 168 168
 140 165 169 170 168 166 166 167 169 169 169 170 170 169 170 167
 139 163 165 165 167 164 165 167 168 169 169 168 168 169 168 166
 143 164 167 165 166 168 169 167 165 166 165 168 169 168 169 167
 153 164 167 167 169 169 168 167 167 168 170 167 167 167 167 168
 148 163 165 165 166 165 165 166 164 166 168 169 168 165 165 166
 130 161 163 164 165 164 164 163 164 162 162 163 163 162 160 156
 119 119 148 161 161 136  98 104 100 141 152 110 111 123 156 155
  86   6 111 156 157 114  22  60  59 110 122  14  52  42  36 144
  88  13 116 158 158 110  20 112 114 151 125  13 126 104   9 108
  94  14 119 157 156 106  16  46  48 135 119  17  56  36  39 138
  98  13 119 149 153 101   8 161 158 159 122  15  82 114 146 145
  96  14  22  17  48  99  10 162 160 159 117  17 121 159 159 146
 138 122 115 108 115 130 118 142 143 143 133 113 142 149 146 134

 130 176 174 175 175 180 179 176 169 155 147 120 149 156 154 142
 137 178 176 179 178 180 180 176 175 158  42  21  47 160 167 155
 141 175 177 178 179 178 177 174 173 120  49 115  40 123 167 155
 141 177 177 179 179 178 175 175 173 108  63 137  60  88 128 149
 144 178 178 180 181 178 176 176 172 113  29  24  22  22  26 125
 150 182 179 180 182 179 178 177 173 154 140 134 127 129 126 147
 148 181 178 181 181 180 177 175 173 145 124 156 148 167 167 157
 150 180 179 180 179 178 177 172 173 101  66 118  60 165 166 154
 155 179 179 178 179 179 177 175 174 102  63 114  57 165 170 151
 149 181 180 177 179 180 177 174 177 103  26  24  27  13  20 126
 140 178 178 177 178 179 178 174 176 147 124 115 115 108 115 142
 137 176 175 179 181 179 178 174 177 171 170 165 167 160  66 137
 134 175 175 179 176 178 175 173 173 169 167 163 167 155  32 138
 125 173 174 176 175 178 176 172 169 154 119 119 127 124  35 143
 125 172 169 172 171 173 171 169 165 122  11  15  21  15  23 141
  95 135 134 143 144 150 159 151 132 119  83  75  76  97  98 139
 121 171 172 169 170 169 168 166 161 154 144 120 146 150 147 141
 126 173 173 173 172 172 169 167 167 155  34  15  41 152 162 153
 129 171 174 172 173 171 170 168 167 119  38 106  36 118 161 153
 129 172 174 173 172 172 170 170 168 105  51 127  55  85 122 147
 131 173 175 173 172 172 171 170 167 107  18  16  17  17  20 122
 136 172 175 173 172 172 172 169 167 150 129 128 122 124 119 142
 137 171 174 174 174 172 170 168 167 142 120 154 140 162 160 152
 139 172 174 173 172 171 170 169 168 101  63 115  49 161 160 149
 144 172 173 171 172 171 169 171 168 102  60 109  44 163 162 148
 139 172 173 170 172 170 169 170 168  99  21  20  15  10  13 122
 130 172 171 169 170 170 170 168 166 138 115 112 107 105 103 138
 127 169 169 170 172 168 169 167 167 164 161 162 160 156  53 129
 123 168 169 169 169 168 167 165 164 162 162 160 159 152  18 129
 109 166 171 169 170 170 168 164 162 148 115 118 123 121  25 139
 111 166 168 166 168 164 165 163 160 119   9  14  17  14  17 142
  87 131 135 140 141 144 153 148 130 120  93  90  96 108 124 146
 108 166 168 167 166 167 168 166 156 155 144 108 138 145 146 134
 110 167 168 170 168 169 167 165 160 156  36   9  39 146 159 146
 115 165 167 169 169 168 167 165 162 123  42 104  36 114 159 149
 116 168 167 170 168 169 167 168 163 111  52 126  56  82 121 142
 121 168 167 170 168 168 167 169 163 110  14  13  17  15  17 113
 126 169 167 169 169 165 170 168 162 152 122 125 119 122 117 133
 127 170 168 169 169 166 168 166 162 141 110 151 135 159 159 143
 127 168 169 169 168 165 167 164 164 100  59 114  48 158 160 143
 133 166 169 167 167 167 167 166 163 104  60 112  46 161 162 142
 131 164 171 166 165 169 168 165 164  98  22  20  16   8  10 118
 124 165 169 166 164 168 169 165 164 136 114 110 106 101  99 130
 120 164 165 168 167 166 169 166 165 161 157 158 156 153  48 115
 116 164 166 170 165 165 167 165 164 161 156 158 157 149  17 108
 103 162 166 169 165 167 167 165 163 148 111 116 119 119  22 115
 109 163 162 165 163 164 164 163 161 119   6  13  14  13  14 122
  87 130 132 140 139 143 153 148 130 119  86  88  94  98  96 138

 142 155 155 149 125 147 157 154 151 126 142 137 138 143 141 139
 154 167 167 128  26 126 167 166 170  20 115  66  32  35  23  98
 156 160 123  88  22 129 167 165 165  13 108 160 155 124  15  97
 149  47  40  60  22 127 148  60  57  27 115 167 167 127  21  76
 120  21 115 137  24 134 156 118 114  24 115 165 163 119  15  75
 147  42  49  63  29 140 124  66  63  26 124 170 167 119  11  83
 155 158 120 108 113 154 145 101 102 103 147 171 169 154 122 119
 169 175 173 173 172 173 173 173 174 177 176 177 173 169 165 132
 176 176 174 175 176 177 175 172 175 174 174 174 173 172 169 151
 179 180 177 175 176 178 177 177 177 177 178 178 175 176 171 159
 180 180 178 178 178 179 180 178 179 180 179 179 178 178 173 150
 175 178 179 179 181 182 181 179 179 179 178 181 176 175 171 144
 175 179 178 179 180 180 181 180 178 177 177 179 179 176 172 143
 174 176 177 177 178 179 178 179 179 180 178 175 175 174 169 134
 176 178 175 177 178 182 181 180 179 181 178 176 175 173 172 135
 130 137 141 141 144 150 148 150 155 149 140 137 134 125 125  95
 141 153 153 147 122 142 152 149 148 122 138 129 129 139 142 146
 147 162 161 122  20 119 160 160 162  13 103  53  18  25  17 124
 150 152 118  85  17 124 162 161 163  10 105 156 152 121  14 108
 146  41  36  55  17 122 140  49  44  15 107 160 159 123  17  96
 120  15 106 127  16 128 154 115 109  20 112 162 160 118  14  90
 144  34  38  51  18 129 120  63  60  21 115 161 162 115   9  93
 154 155 119 105 107 150 142 101 102  99 138 164 162 148 119 120
 161 167 167 168 167 167 167 168 168 168 166 167 164 162 160 130
 166 167 168 170 170 169 168 169 171 170 168 167 165 164 163 148
 168 169 170 170 171 172 170 170 169 169 170 169 167 168 165 153
 169 172 171 172 172 172 172 171 171 170 170 168 168 170 164 144
 170 172 173 172 172 172 174 172 172 172 170 172 169 170 168 141
 169 173 172 173 173 173 174 173 171 170 169 170 169 169 166 140
 172 173 174 174 175 175 174 174 173 173 171 169 169 171 168 135
 171 173 171 172 173 172 171 172 172 172 172 169 168 166 166 131
 121 126 129 129 131 136 137 139 144 139 130 127 123 109 111  87
 134 146 149 142 113 133 143 143 142 118 130 115 108 115 122 138
 146 159 159 121  17 117 159 160 162  10  99  48  17  22  14  96
 145 146 114  82  15 122 159 158 161   8 101 153 149 119  13  98
 138  39  36  56  17 119 135  48  46  16 106 156 157 119  14  94
 108   9 104 126  13 125 151 114 112  20 110 158 158 116  13  88
 144  36  42  52  14 122 110  59  60  22 114 157 156 111   6  86
 155 156 123 111 110 152 141 100 104  98 136 161 161 148 119 119
 156 160 162 163 163 162 162 164 163 164 164 165 164 163 161 130
 166 165 165 168 169 168 166 164 166 165 165 166 165 165 163 148
 168 167 167 167 167 170 168 167 167 168 169 169 167 167 164 153
 167 169 168 169 168 165 166 165 167 169 168 166 165 167 164 143
 166 168 169 168 168 169 169 168 167 165 164 167 165 165 163 139
 167 170 169 170 170 169 169 169 167 166 166 168 170 169 165 140
 168 168 167 167 167 167 168 169 169 171 169 165 166 166 162 132
 166 167 165 168 168 169 170 168 166 164 165 164 164 162 163 130
 108 110 115 116 121 126 127 127 133 131 124 120 116 103 109  87

 139  98  97  76  75  83 119 132 151 159 150 144 143 134 135  95
 141  23  15  21  15  11 122 165 169 171 173 171 172 169 172 125
 143  35 124 127 119 119 154 169 172 176 178 175 176 174 173 125
 138  32 155 167 163 167 169 173 173 175 178 176 179 175 175 134
 137  66 160 167 165 170 171 177 174 178 179 181 179 175 176 137
 142 115 108 115 115 124 147 176 174 178 179 178 177 178 178 140
 126  20  13  27  24  26 103 177 174 177 180 179 177 180 181 149
 151 170 165  57 114  63 102 174 175 177 179 179 178 179 179 155
 154 166 165  60 118  66 101 173 172 177 178 179 180 179 180 150
 157 167 167 148 156 124 145 173 175 177 180 181 181 178 181 148
 147 126 129 127 134 140 154 173 177 178 179 182 180 179 182 150
 125  26  22  22  24  29 113 172 176 176 178 181 180 178 178 144
 149 128  88  60 137  63 108 173 175 175 178 179 179 177 177 141
 155 167 123  40 115  49 120 173 174 177 178 179 178 177 175 141
 155 167 160  47  21  42 158 175 176 180 180 178 179 176 178 137
 142 154 156 149 120 147 155 169 176 179 180 175 175 174 176 130
 146 124 108  96  90  93 120 130 148 153 144 141 140 135 131  87
 142  17  14  17  14   9 119 160 163 165 164 168 166 168 166 111
 139  25 121 123 118 115 148 162 164 168 170 170 169 171 166 109
 129  18 152 159 160 162 162 164 165 167 168 169 169 169 168 123
 129  53 156 160 162 161 164 167 167 169 168 172 170 169 169 127
 138 103 105 107 112 115 138 166 168 170 170 170 169 171 172 130
 122  13  10  15  20  21  99 168 170 169 170 172 170 173 172 139
 148 162 163  44 109  60 102 168 171 169 171 172 171 173 172 144
 149 160 161  49 115  63 101 168 169 170 171 172 173 174 172 139
 152 160 162 140 154 120 142 167 168 170 172 174 174 174 171 137
 142 119 124 122 128 129 150 167 169 172 172 172 173 175 172 136
 122  20  17  17  16  18 107 167 170 171 172 172 173 175 173 131
 147 122  85  55 127  51 105 168 170 170 172 172 173 174 172 129
 153 161 118  36 106  38 119 167 168 170 171 173 172 174 171 129
 153 162 152  41  15  34 155 167 167 169 172 172 173 173 173 126
 141 147 150 146 120 144 154 161 166 168 169 170 169 172 171 121
 138  96  98  94  88  86 119 130 148 153 143 139 140 132 130  87
 122  14  13  14  13   6 119 161 163 164 164 163 165 162 163 109
 115  22 119 119 116 111 148 163 165 167 167 165 169 166 162 103
 108  17 149 157 158 156 161 164 165 167 165 165 170 166 164 116
 115  48 153 156 158 157 161 165 166 169 166 167 168 165 164 120
 130  99 101 106 110 114 136 164 165 169 168 164 166 169 165 124
 118  10   8  16  20  22  98 164 165 168 169 165 166 171 164 131
 142 162 161  46 112  60 104 163 166 167 167 167 167 169 166 133
 143 160 158  48 114  59 100 164 164 167 165 168 169 169 168 127
 143 159 159 135 151 110 141 162 166 168 166 169 169 168 170 127
 133 117 122 119 125 122 152 162 168 170 165 169 169 167 169 126
 113  17  15  17  13  14 110 163 169 167 168 168 170 167 168 121
 142 121  82  56 126  52 111 163 168 167 169 168 170 167 168 116
 149 159 114  36 104  42 123 162 165 167 168 169 169 167 165 115
 146 159 146  39   9  36 156 160 165 167 169 168 170 168 167 110
 134 146 145 138 108 144 155 156 166 168 167 166 167 168 166 108

